0116
0352
0389
0287
0331
0163
0102
0200
0000
0069
0397
0003
0105
0093
0180
0187
0291
0183
0308
0019
0220
0218
0090
0037
0214
0340
0303
0317
0222
0097
0193
0333
0304
0137
0112
0024
0172
0278
0103
0035
0314
0298
0161
0328
0133
0076
0342
0206
0390
0211
0296
0189
0040
0173
0091
0008
0217
0382
0010
0283
0032
0249
0243
0356
0168
0094
0184
0219
0232
0001
0376
0205
0396
0351
0028
0122
0134
0204
0026
0312
0227
0114
0366
0207
0309
0362
0153
0365
0413
0257
0247
0348
0272
0042
0377
0199
0100
0341
0284
0060
0301
0252
0144
0383
0081
0421
0029
0156
0381
0002
0067
0336
0099
0295
0087
0041
0223
0367
0082
0030
0344
0384
0241
0337
0198
0167
0406
0155
0229
0398
0260
0143
0070
0236
0176
0101
0271
0388
0115
0011
0310
0123
0420
0345
0354
0401
0405
0245
0282
0068
0127
0149
0015
0064
0255
0244
0209
0057
0171
0325
0297
0386
0138
0230
0054
0248
0120
0212
0157
0121
0240
0046
0154
0289
0285
0276
0265
0065
0335
0111
0018
0078
0086
0395
0190
0203
0414
0083
0110
0349
0380
0088
0378
0175
0402
0186
0357
0302
0009
0316
0262
0299
0192
0053
0095
0058
0181
0322
0307
0293
0326
0128
0074
0321
0392
0129
0266
0239
0151
0092
0152
0407
0408
0045
0038
0210
0072
0055
0394
0215
0077
0411
0022
0016
0364
0353
0106
0288
0311
0025
0125
0226
0363
0372
0139
0202
0387
0096
0385
0027
0013
0160
0201
0374
0355
0007
0277
0358
0166
0274
0334
0237
0162
0034
0360
0423
0159
0182
0294
0329
0343
0375
0281
0286
0361
0208
0263
0084
0320
0130
0253
0080
0174
0117
0216
0104
0403
0228
0235
0140
0269
0221
0142
0113
0033
0306
0268
0073
0188
0107
0004
0246
0350
0270
0017
0066
0273
0150
0279
0036
0346
0324
0021
0369
0225
0371
0196
0132
0197
0049
0264
0338
0330
0368
0410
0391
0267
0224
0332
0318
0146
0178
0292
0195